create_time = 2021-11-08 16:04:22.180536
ratio_l = 0.40
ratio_r = 0.64
start_x = 640
end_x = 1280
start_y = 60
end_y = 540
line_left_width = 0.3499999999999994
line_left = 54
line_right_width = 3.450000000000033
line_right_h = 517
line_right_v = 43
