create_time = 2021-11-08 16:04:22.180536
ratio_l = 0.40
ratio_r = 0.64
start_x = 640
end_x = 1280
start_y = 60
end_y = 540
line_left_width = 3.5999999999999672
line_left = 572
line_right_width = 2.2200000000000593
line_right_h = 473
line_right_v = 424
version = 31433630383030304646424642454642
